
10,10,10,10,10,0,0,0,0,0,0,10,10,10,10,10,
10,10,10,10,10,0,0,0,0,0,0,10,10,10,10,10,
10,10,10,10,10,0,0,0,0,0,0,10,10,10,10,10,
10,10,10,10,10,0,0,0,0,0,0,10,10,10,10,10,
10,10,10,10,0,0,0,0,0,0,0,0,10,10,10,10,
0,0,0,0,0,0,0,0,0,0,0,0,0,0,0,0,
0,0,0,0,0,0,0,0,0,0,0,0,0,0,0,0,
0,0,0,0,0,0,0,0,0,0,0,0,0,0,0,0,
0,0,0,0,0,0,0,0,0,0,0,0,0,0,0,0,
0,0,0,0,0,0,0,0,0,0,0,0,0,0,0,0,
0,0,0,0,0,0,0,0,0,0,0,0,0,0,0,0,
10,10,10,10,0,0,0,0,0,0,0,0,10,10,10,10,
10,10,10,10,10,0,0,0,0,0,0,10,10,10,10,10,
10,10,10,10,10,0,0,0,0,0,0,10,10,10,10,10,
10,10,10,10,10,0,0,0,0,0,0,10,10,10,10,10,
10,10,10,10,10,0,0,0,0,0,0,10,10,10,10,10
*
10,10,10,10,10,0,0,0,0,0,0,10,10,10,10,10,
10,10,10,10,10,0,0,0,0,0,0,10,10,10,10,10,
10,10,10,10,10,0,0,0,0,0,0,10,10,10,10,10,
10,10,10,10,10,0,0,0,0,0,0,10,10,10,10,10,
10,10,10,10,0,0,0,0,0,0,0,0,10,10,10,10,
0,0,0,0,0,0,0,4,4,4,0,0,0,0,0,0,
0,0,0,0,0,0,4,4,4,4,4,0,0,0,0,0,
0,0,0,0,0,4,4,4,4,4,0,0,0,0,0,0,
0,0,0,0,0,4,4,4,4,0,0,0,0,0,0,0,
0,0,0,0,0,0,4,0,0,0,0,0,0,0,0,0,
0,0,0,0,0,0,0,0,0,0,0,0,0,0,0,0,
10,10,10,10,0,0,0,0,0,0,0,0,10,10,10,10,
10,10,10,10,10,0,0,0,0,0,0,10,10,10,10,10,
10,10,10,10,10,0,0,0,0,0,0,10,10,10,10,10,
10,10,10,10,10,0,0,0,0,0,0,10,10,10,10,10,
10,10,10,10,10,0,0,0,0,0,0,10,10,10,10,10
*
10,10,10,10,8,0,0,0,0,0,0,8,10,10,10,10,
10,8,8,8,8,0,0,0,0,0,0,8,10,10,10,10,
10,8,4,4,8,0,0,0,0,0,0,8,10,10,10,10,
10,8,4,4,8,0,0,0,0,0,0,8,10,10,10,10,
8,8,8,8,0,0,0,0,0,0,0,0,8,8,8,8,
0,0,0,0,0,0,0,0,0,0,0,0,0,0,0,0,
0,0,0,0,0,0,0,0,0,0,0,0,0,0,0,0,
0,0,0,0,0,0,0,0,0,0,0,0,0,0,0,0,
0,0,0,0,0,0,0,0,0,0,0,0,0,0,0,0,
0,0,0,0,0,0,0,0,0,0,0,0,0,0,0,0,
0,0,0,0,0,0,0,0,0,0,0,0,0,0,0,0,
10,10,10,10,0,0,0,0,0,0,0,0,10,10,10,10,
10,10,10,10,10,0,0,0,0,0,0,10,10,10,10,10,
10,10,10,10,10,0,0,0,0,0,0,10,10,10,10,10,
10,10,10,10,10,0,0,0,0,0,0,10,10,10,10,10,
10,10,10,10,10,0,0,0,0,0,0,10,10,10,10,10
*
10,10,10,10,8,0,0,0,0,0,0,10,10,10,10,10,
10,10,10,8,8,0,0,0,0,0,0,10,10,10,10,10,
10,10,8,8,10,0,0,0,0,0,0,10,10,10,10,10,
10,8,8,10,10,0,0,0,0,0,0,10,10,10,10,10,
8,8,10,10,0,0,0,0,0,0,0,0,10,10,10,10,
8,0,0,0,0,0,0,0,0,0,0,0,0,0,0,0,
0,0,0,0,0,0,0,0,0,0,0,0,0,0,0,0,
0,0,0,0,0,0,0,0,0,0,0,0,0,0,0,0,
0,0,0,0,0,0,0,0,0,0,0,0,0,0,0,0,
0,0,0,0,0,0,0,0,0,0,0,0,0,0,0,0,
0,0,0,0,0,8,8,8,8,8,8,8,8,8,8,0,
10,10,10,10,8,4,4,4,4,4,4,4,8,8,8,8,
10,10,10,10,10,4,4,4,4,4,4,8,10,10,10,10,
10,10,10,10,10,0,0,6,0,0,0,8,10,10,10,10,
10,10,10,10,10,0,0,0,0,0,0,8,10,10,10,10,
10,10,10,10,10,0,0,0,0,0,0,8,10,10,10,10