
1,1,1,1,1,0,0,0,0,0,0,1,1,1,1,1,
1,1,1,1,1,0,0,0,0,0,0,1,1,1,1,1,
1,1,1,1,1,0,0,0,0,0,0,1,1,1,1,1,
1,1,1,1,1,0,0,0,0,0,0,1,1,1,1,1,
1,1,1,1,0,0,0,0,0,0,0,0,1,1,1,1,
0,0,0,0,0,2,0,0,0,0,0,0,0,0,0,0,
0,0,0,0,0,0,0,0,0,0,0,0,0,0,0,0,
0,0,0,0,0,0,0,0,0,0,0,0,0,0,0,0,
0,0,0,0,0,0,0,0,0,0,0,0,0,0,0,0,
0,0,0,0,0,0,0,0,0,0,0,0,0,0,0,0,
0,0,0,0,0,0,0,0,0,0,3,0,0,0,0,0,
1,1,1,1,0,0,0,0,0,0,0,0,1,1,1,1,
1,1,1,1,1,0,0,0,0,0,0,1,1,1,1,1,
1,1,1,1,1,0,0,0,0,0,0,1,1,1,1,1,
1,1,1,1,1,0,0,0,0,0,0,1,1,1,1,1,
1,1,1,1,1,0,0,0,0,0,0,1,1,1,1,1
*
1,1,1,1,1,0,0,0,0,0,0,1,1,1,1,1,
1,1,1,1,1,0,0,0,0,0,0,1,1,1,1,1,
1,1,1,1,1,0,2,0,3,0,0,1,1,1,1,1,
1,1,1,1,0,0,0,0,0,0,0,1,1,1,1,1,
1,1,1,0,0,0,0,0,0,0,0,0,0,0,1,1,
0,0,0,0,0,0,0,0,0,0,0,0,0,0,0,0,
0,0,3,0,0,2,0,0,2,0,0,0,0,0,0,0,
0,0,0,0,0,0,0,0,0,0,0,0,0,0,0,0,
0,0,0,0,0,0,2,0,0,0,0,0,0,0,0,0,
0,0,3,0,0,0,0,0,2,0,0,0,0,0,0,0,
0,0,0,0,0,0,0,0,0,0,0,2,0,0,0,0,
1,1,1,0,0,0,0,0,0,0,0,0,1,1,1,1,
1,1,1,1,0,0,3,0,0,0,0,0,1,1,1,1,
1,1,1,1,1,0,0,0,0,0,0,0,1,1,1,1,
1,1,1,1,1,0,0,0,0,0,0,1,1,1,1,1,
1,1,1,1,1,0,0,0,0,0,0,1,1,1,1,1
*
1,1,1,1,4,4,4,4,4,4,4,1,1,1,1,1,
1,1,1,1,4,4,4,4,4,4,4,1,1,1,1,1,
1,1,1,1,0,0,0,0,0,0,0,1,1,1,1,1,
1,1,1,0,0,0,0,0,0,0,0,1,1,1,1,1,
4,0,0,0,0,0,0,0,0,0,0,0,1,1,1,1,
4,0,0,0,0,0,0,0,0,0,0,0,0,0,4,4,
4,0,0,0,0,0,3,0,0,0,0,0,0,0,4,4,
4,0,0,0,0,0,0,0,0,0,0,0,0,0,4,4,
4,0,0,0,0,0,0,0,2,0,0,0,0,0,4,4,
4,0,0,0,0,0,0,0,0,0,0,0,0,0,4,4,
4,0,0,0,0,0,0,0,0,0,0,0,0,0,4,4,
1,1,1,1,0,0,0,0,0,0,0,0,1,1,1,1,
1,1,1,1,1,0,0,0,0,0,0,1,1,1,1,1,
1,1,1,1,1,0,0,0,0,0,0,1,1,1,1,1,
1,1,1,1,1,4,4,4,4,4,4,1,1,1,1,1,
1,1,1,1,1,4,4,4,4,4,4,1,1,1,1,1
*
1,1,1,1,0,0,0,0,0,0,0,1,1,1,1,1,
1,1,1,1,0,0,0,0,0,0,0,0,0,1,1,1,
1,1,1,1,0,0,0,0,0,0,0,0,0,0,1,1,
1,1,1,1,0,0,0,0,0,0,0,0,0,0,1,1,
1,1,1,1,0,0,0,3,0,0,0,0,0,0,1,1,
4,1,0,0,0,0,0,0,0,0,0,0,0,0,0,0,
4,1,0,0,0,0,0,0,0,0,2,0,0,0,0,0,
4,1,0,0,0,2,0,0,0,0,0,0,0,0,0,0,
4,1,1,0,0,0,0,0,0,0,0,0,0,0,0,0,
4,4,1,0,0,0,0,0,0,0,0,0,0,0,0,0,
4,4,1,0,0,0,0,0,0,0,0,0,0,0,0,0,
1,1,1,1,0,0,0,0,2,0,0,0,0,0,0,0,
1,1,1,1,1,0,0,0,0,0,0,0,0,1,1,1,
1,1,1,1,1,0,0,0,0,0,0,0,1,1,1,1,
1,1,1,1,1,0,0,0,0,0,0,1,1,1,1,1,
1,1,1,1,1,0,0,0,0,0,0,1,1,1,1,1
*
1,1,1,1,1,4,4,4,4,4,4,1,1,1,1,1,
1,1,1,1,1,0,0,0,0,0,0,1,1,1,1,1,
1,1,1,1,1,0,0,0,0,0,0,1,1,1,1,1,
1,1,1,1,0,0,0,0,0,0,0,1,1,1,1,1,
1,1,1,0,0,0,0,0,0,0,0,0,1,1,1,1,
4,0,0,0,0,0,0,0,0,3,0,0,0,0,4,4,
4,0,0,0,0,0,0,0,0,0,0,0,0,0,4,4,
4,0,0,0,0,0,0,0,2,0,0,0,0,0,4,4,
4,0,0,0,0,3,0,0,0,0,0,0,0,0,4,4,
4,0,0,0,0,0,0,0,2,0,0,0,0,0,4,4,
4,0,0,0,0,0,0,0,0,0,0,0,0,0,4,4,
1,1,1,0,0,0,0,0,0,0,0,0,1,1,1,1,
1,1,1,1,0,0,0,0,0,0,0,1,1,1,1,1,
1,1,1,1,1,0,0,0,0,0,0,1,1,1,1,1,
1,1,1,1,1,4,4,4,4,4,4,1,1,1,1,1,
1,1,1,1,1,4,4,4,4,4,4,1,1,1,1,1
*
1,1,1,1,1,1,0,0,0,0,0,1,1,1,1,1,
1,1,1,1,1,1,1,0,0,0,0,8,8,8,8,1,
1,1,1,1,1,1,0,0,0,0,0,8,0,6,8,1,
1,1,1,1,1,0,0,0,0,0,0,0,0,0,8,1,
1,1,1,1,0,0,0,0,0,0,0,8,0,0,8,1,
1,1,0,0,0,0,0,0,0,0,0,8,8,8,8,1,
0,0,0,0,0,0,0,0,0,0,0,0,0,0,0,0,
0,0,0,0,0,0,0,3,0,0,0,0,0,0,0,0,
0,0,0,0,0,0,0,0,0,0,0,0,0,0,0,0,
0,0,0,0,0,0,0,0,0,0,2,0,0,0,0,0,
0,0,1,0,0,3,0,0,0,0,0,0,0,0,0,0,
1,1,1,1,0,0,0,0,0,0,0,0,0,1,1,1,
1,1,1,1,1,0,0,0,0,0,0,1,1,1,1,1,
1,1,1,1,1,0,0,0,2,0,0,1,1,1,1,1,
1,1,1,1,1,0,0,0,0,0,0,1,1,1,1,1,
1,1,1,1,1,0,0,0,0,0,0,1,1,1,1,1